1.0718741238035983 34.46762981110913 179.50302839335762
-32.403968853993256 21.827666614554552 21.345838655934344
-87.78758402318688 -105.23311580668191 -89.08124579029672
16.22931311773544 -177.78696756005004 57.74965044313471
-84.45050874249709 -11.50272129222299 -68.91589259291528
-35.57106758985638 -6.019597285036182 101.89529244182461
-91.73373186556161 83.19802543022058 -16.416624630507744
-87.66201654384209 161.83350583960365 -32.39756403554633
173.11225172974002 117.02457742898702 96.76562311707592
37.55315701901388 156.14240212515605 11.911248059062375
-22.97442681425472 -12.411897196518249 -172.81157765202192
-31.666154069578152 -80.70341061394755 121.90377277889546
45.637230111527415 26.469952052457487 -42.94020193666977
181.53290259597966 84.09343442979787 -77.3156306245476
45.47149844280099 102.63171993866396 90.37101300947651
48.82329429386773 -152.84789576756674 -72.86824151195232
44.08533390835954 60.306955918584606 58.05480435617889
29.527660081661804 61.01161917915312 -80.25870111278208
127.42831406793019 -21.7897928070565 -84.54923691275688
-130.56433054986013 196.8312229743232 -88.05510672372007
-95.38481103123448 23.166672606671508 -42.069852137379876
-90.01523697666283 -124.35217450520229 0.0203099787581794
152.29125232053 17.451511501949366 36.5175730512244
28.170098284667 -151.19415236667783 68.6535057536126
-38.919941690467084 -129.29055091496278 -27.77081268718724
-62.452250678403146 -72.96290784464985 252.0691046624523
61.09530571759119 -33.96326692840081 -45.68413823792122
238.25508822823838 19.417330982233672 -119.3678260971408
32.91136294706759 62.76342043765336 -145.15465060494708
-10.273975383014225 -49.260043821215866 143.94037314514034
-28.227157010383063 136.62665326204424 7.361507500603033
-234.71218863509722 28.83912400553033 187.44379095121906
-74.29507293313627 -143.42923008588502 26.311397864133085
-125.72846602103571 -131.3527475534656 -42.49261925634082
-106.05911356803801 -28.105359299924785 -151.8772414325735
-12.806885122558608 -49.78391827953431 -5.6207578126483275
-13.69333388558982 83.2587637487313 -54.31288396488709
-107.31961036443217 59.41105528606367 31.488905592077625
-27.902868792699877 46.24545772957512 20.618131913054025
72.03529883352604 -63.68544508114812 143.69347472459046
-74.16936311117725 70.1144861262737 36.19213368750632
13.759419561901746 6.537466828868532 126.27213056186348
56.70678644755972 82.03383551908155 53.77644756475875
36.195693051690185 -126.21880028792083 -213.94574220222538
117.83293922298532 -137.10935105044254 -95.63378223511485
-42.70538831145395 -87.1038478849036 56.885543371748746
-32.292166048433785 -8.22383991937911 30.307255005427535
0.06469406065925311 -99.46881571049649 -150.48447181273988
138.39885701885365 75.24329362535235 48.25049587554647
-63.86352648181639 -153.40730551465197 34.8089562931483
29.643623197171255 -139.81787971264103 119.60433430270272
-173.89589061460737 -124.85447948821589 113.98197696238384
81.86952442490764 82.92966427686089 153.99202581180884
-71.69899706705584 107.99786739306457 -93.90263724372828
52.62240485836167 -250.77577126648788 13.390026647301642
-86.4059881848996 18.487421331232852 -41.66354410157369
-27.253099029675802 22.235089612526764 -12.721689426953391
44.95398739975126 63.19949741980738 2.7011721058590585
-62.52410240421467 -38.284116030138435 118.41213783707676
42.50943334807202 -115.14851890920224 -114.79385059102253
-15.814353471490216 -130.1472803037593 -122.67026161500479
-136.51038230521007 -51.71851989064401 29.599269821954326
-165.5987742948911 124.04632125747648 -37.963199207144235
-89.32155236405266 -90.06931696692207 55.600550361308365
-29.641298970339356 104.44246831466342 77.03280131645386
82.21043696769793 84.52568939545867 1.673507603819126
22.74673680096795 84.6048670870022 -9.770051828599758
-31.87480182999681 -174.03353194918512 -181.36819522118623
179.17125548350845 104.90661218430357 -11.801413498098537
-27.29615935931145 83.34148018643612 4.5588365574686405
115.18453120999365 -44.076197539415524 -83.00091650579951
-85.04219117365388 30.560983418765318 177.89912606617054
35.02741319950818 -55.17685811973847 -23.503110766848177
-46.14412409437119 75.15191749089105 122.99305565599188
44.256584114449694 86.74907362255387 -124.6435666502224
-151.94679228716703 -138.41166758399447 -116.26864322575085
-53.32402711606057 -48.83334306774618 8.485295710564447
184.43219442348033 70.28571356338932 77.54561023279555
-47.08408297922698 -27.666928640532767 -41.795607486048
129.12074851601508 121.74533852779179 26.195425634755637
97.41408034012974 -2.8357418250400017 -22.04496561130741
-44.077244506949484 80.68463890548264 27.57377906669603
-4.785336129455771 2.2862732786295363 79.1488190475619
-82.04597634880298 -40.389297279146405 232.84270141282892
26.810727868308714 -37.313863099841825 1.4814163526209012
-79.00109990835956 -12.394101241454356 226.58527303264893
-31.05432789289786 67.82606366261139 -105.98984203420095
-65.8878777153742 46.67341447791362 -17.165636198148224
14.90988089393896 -112.08462760942426 63.35108780022839
135.3933694555599 52.25840892410118 -124.45439040837113
75.86749613769251 125.69444371409546 25.251808414969478
-2.9357177074843084 -107.61881206228455 -17.71955029229239
86.24255837266628 7.108309843754624 41.87871438075636
-6.503934563924672 70.49054550771145 147.65657940532623
141.0400823171964 41.16943985478807 -134.37463971949663
125.27409948602899 16.341608406406245 -213.49652081245443
108.42899286586365 59.42467973461888 66.21414156999602
-185.7981967415453 223.98888584468466 28.621327072091603
-72.74648554547882 156.22509095010238 227.0312667231807
269.13733977073474 -158.91457131913117 -13.093164978992622