45.15526473790388 63.06687654778864 224.8074114183292
-132.05334610428054 215.18886352417292 52.35575554038441
-12.06937508746142 -124.99811077510574 143.41274861086083
108.78233200737837 231.63257822238893 301.5473217112069
152.18249183996977 117.51548548357317 167.35241509910776
233.66139232143982 188.5957503378728 77.41559688892046
-37.13584944690349 -84.67626376976378 64.21801209624194
-145.96933129152077 198.848757299616 210.8368969797378
216.71751439044496 24.652973877646577 91.56294972706141
95.47110897440494 178.33235733003372 76.61601604083641
67.67904182242353 51.94889115414361 62.698633007438346
275.7083407063434 125.07757666161953 283.2476177479808
67.51854485161776 -67.91211617897012 129.04899420730078
6.25714696950006 131.81760405961134 -77.48766975517715
98.94553231378792 100.95948555649177 176.64538960729664
95.01085727110312 -122.91740824776909 209.41859449526135
160.43003113919406 226.45799576062657 90.56773215486001
-19.022609706398995 146.36593988738085 57.308341626695515
10.768158782273618 188.821789210484 95.05112861389814
-2.8778251649690834 99.83407460318185 132.28936464491895
154.47278997011296 262.9718999283035 37.50340296448174
124.01804587195888 187.12315014985307 110.44192385832847
0.23671711352182268 234.61830030887114 244.4223173866675
-37.88230919451332 272.8378319532453 -71.11332570047723
-16.25913228824163 120.6258547552296 -21.568489503688703
-116.95741195259623 115.43129257043405 353.00223517419556
84.9730841402786 22.461695414532713 239.08357342522413
114.97955864009135 58.419683693079904 301.053069977134
89.39634646688619 112.4252390895778 204.23735646257896
217.0827915239974 46.05291237642162 103.19152673907728
-8.779927162243407 266.49960501284846 103.64659764107506
-8.350549824082766 103.75723382939339 313.72809845200817
210.53044386746933 201.34919040701044 123.36858372135681
100.98298942802704 -60.862272648512786 47.05947224395499
62.651822155616976 115.5345423940159 8.635357335109727
-55.00479099652209 150.37962547966276 10.507310909325607
224.86515259671452 136.33786247297488 176.6213780844561
188.9877926173265 79.0579677131759 176.66083747096474
59.094630897203125 113.59820865976565 60.16598806580211
23.177053697331395 424.55684216070256 36.93080195029291
-130.22267591882465 197.630579119519 299.4471945653828
181.90287275602591 18.16232910093912 183.2392199139172
32.74325788441139 148.52149089789623 -62.047571967654314
100.15139991992261 151.3459252733404 224.8669601737503
170.1462151386798 -4.0207320370657 -90.45621700985478
141.82272070539074 -32.948189802097815 98.48373273595365
-83.14731169719289 13.122792552192985 -42.45897656470383
-127.03589106134814 52.1395745223091 161.53222548567422
143.1818457597457 82.39965727841879 254.60955642415314
101.32949851174963 73.13267023572675 127.21375315666576
-40.09867720966205 115.89275797398419 252.61257795460574
153.7004622894334 247.96795878533194 186.11625525653474
123.69061749859908 -203.90851685673744 -109.5826897913668
-12.806228444935597 61.54682190429816 138.85826993668658
140.85317792283115 51.110143309989574 192.16919735505647
124.73211288225056 327.9572599343631 31.333233134093142
-22.530233629774376 169.17345783757173 80.60441783876597
4.934145435789961 134.3282702962614 124.54992100029423
124.33420201465478 59.871574260968586 -22.447696106120674
142.55516901116835 213.795109960924 156.9744641000307
198.0929129288838 59.7403815909822 104.47118353134567
11.976741834052973 225.79686295157592 103.54995991823739
-38.195655151092424 138.94828718927724 230.29599106031606
-83.98394448644484 47.76945418849986 161.64157577224648
22.11124818153769 53.11657444206198 72.18897374480169
-4.71937349642213 98.73733537807978 166.49924433425676
108.0133986872506 119.43427336073225 138.60522178521697
327.70233600357574 88.80912555207172 45.601880794242746
27.338684334053564 238.14008316548882 -35.23493938484492
135.61579762594386 94.7888558006855 106.8696052121209
253.26627328385268 129.09991857389312 -3.7541115787703694
173.44362084268045 -11.73657112848736 230.91799333313614
361.35454448857854 235.74708462923874 59.53357625513816
32.755669171412094 102.59226656059968 -56.06337872390843
22.53092278982277 82.32669851567711 116.53774732043442
12.017373586179891 124.60375492992083 -82.66194990995051
10.038345825297268 300.9555799897357 247.82666337161626
453.807884498557 167.91459361364764 297.5453653173454
-50.007335168658784 34.105706965577674 42.22489876577812
189.9143325880098 82.5700488757107 -104.35605159812144
99.66103901799418 275.68070092247535 18.98020816878074
37.57645148742862 69.93273811979888 68.33048521526752
-34.12286759742435 47.63978399747606 156.21979054244076
111.57828559621758 26.237250144425527 132.1745283875424
300.0710533878725 203.10861115976397 -53.18363545308846
50.76579050960728 9.432271489204357 -76.40912652908438
322.4887384684774 -72.22425007427451 128.06018860809522
4.8322159575131085 179.20907417890203 59.990257408434374
-39.13302417088082 153.34374573100442 214.60097938325413
152.58891912493732 77.05231326004991 77.3519532399107
75.07927273788275 -26.362999876451386 147.2825415409756
-33.59574276028656 25.124951202581293 119.69634722991998
-8.604802907962572 -140.95962434599758 -52.19402161224291
199.08599146191736 209.1358387737165 36.120826558263886
231.79675172323533 118.87444445480482 194.14204924640953
57.244586724373136 116.34966803614164 98.05374814081931
35.064939856938246 75.23558347900767 -72.71259882029759
77.26916628620974 98.52932844986071 65.77718542012285
310.21092074060215 9.298214554998186 88.79448231906021
-3.1484611549861707 -88.78577556369703 107.84795603782243
